0.000000000000000000e+00 -2.250000000000000000e+01 0.000000000000000000e+00 -5.000000000000000000e-01 -5.000000000000000000e-01 -5.000000000000000000e-01 5.000000000000000000e-01
4.996003610813204432e-15 2.258626518133619028e-33 2.250000000000000000e+01 4.864072626673490163e-01 4.864072626673488497e-01 5.132328660797714770e-01 -5.132328660797714770e-01
8.091484650496538479e-15 -3.938354793808008791e-01 3.644080725685029876e+01 5.006315899555808802e-01 5.006315899555807691e-01 4.993676112229819553e-01 -4.993676112229817887e-01
1.065463254977598842e-14 6.722185429928928535e-02 4.798419918094069914e+01 5.208378716722588120e-01 5.208378716722587010e-01 4.782550694262547863e-01 -4.782550694262546198e-01
1.274884145670074983e-14 1.392289924374495502e+00 5.741567763380302836e+01 5.485077679116131533e-01 5.485077679116130422e-01 4.462501860398717657e-01 -4.462501860398715992e-01
1.443750551932001827e-14 3.590486654179043224e+00 6.502074447696911363e+01 5.835784956937841716e-01 5.835784956937840606e-01 3.992945521338603365e-01 -3.992945521338601700e-01
1.578401888568298458e-14 6.670929967047158016e+00 7.108490157197076087e+01 6.219667562394617377e-01 6.219667562394616267e-01 3.363886950136140142e-01 -3.363886950136138476e-01
1.685177570383883486e-14 1.064273778631306300e+01 7.589365078033975465e+01 6.555039680361722798e-01 6.555039680361721688e-01 2.651689044530540773e-01 -2.651689044530539663e-01
1.770417012183677415e-14 1.551502803531097996e+01 7.973249396360796482e+01 6.781126847361111931e-01 6.781126847361110821e-01 2.004075517538785878e-01 -2.004075517538785045e-01
1.840459628772599485e-14 2.129691863737514979e+01 8.288693298330720438e+01 6.903679834344121913e-01 6.903679834344120803e-01 1.529445894718192422e-01 -1.529445894718191312e-01
1.901644834955567991e-14 2.799752751583977783e+01 8.564246970096924372e+01 6.960283359113292878e-01 6.960283359113291768e-01 1.246778072012250799e-01 -1.246778072012249827e-01
1.960306820113930406e-14 3.562588345569692905e+01 8.828437064596938910e+01 6.981138829507216315e-01 6.981138829507215204e-01 1.124144404934985519e-01 -1.124144404934984548e-01
2.020526083200490531e-14 4.415257046789092499e+01 9.099640515394096951e+01 6.993573569872304496e-01 6.993573569872303386e-01 1.043996514737266929e-01 -1.043996514737265818e-01
2.080622577370909898e-14 5.344990579222578475e+01 9.370291064146270799e+01 7.006806053978373861e-01 7.006806053978372750e-01 9.511408528351734948e-02 -9.511408528351725233e-02
2.138009025273171235e-14 6.337473059804113262e+01 9.628736649535011338e+01 7.020580270873429951e-01 7.020580270873428841e-01 8.434765321114583159e-02 -8.434765321114573444e-02
2.190098149555255060e-14 7.378388605467657158e+01 9.863325210241859509e+01 7.034507512954184527e-01 7.034507512954183417e-01 7.181253721956573632e-02 -7.181253721956563918e-02
2.234302672865143470e-14 8.453421333147180405e+01 1.006240468494836335e+02 7.047950969738893123e-01 7.047950969738892013e-01 5.713030090561448809e-02 -5.713030090561439095e-02
2.268035317850817612e-14 9.548255359776639750e+01 1.021432301233606665e+02 7.059851396346462638e-01 7.059851396346461527e-01 3.981184013643564168e-02 -3.981184013643555841e-02
2.288708807160258638e-14 1.064857480229000259e+02 1.030742813108651319e+02 7.068451501683293836e-01 7.068451501683292726e-01 1.923366016940021919e-02 -1.923366016940013246e-02
2.293735863441448643e-14 1.174006377762123350e+02 1.033006797988125101e+02 7.070862990543150817e-01 7.070862990543149706e-01 -5.381978230341123715e-03 5.381978230341209583e-03
2.280529209342369406e-14 1.280840640270428992e+02 1.027059049740182672e+02 7.062418025387628973e-01 7.062418025387627862e-01 -3.496450123767145396e-02 3.496450123767153029e-02
2.246501567511001448e-14 1.383928679447314209e+02 1.011734362232978128e+02 7.035805809938322497e-01 7.035805809938321387e-01 -7.052918579128512888e-02 7.052918579128519827e-02
2.189065660595326863e-14 1.481838906986174607e+02 9.858675293346662727e+01 6.980236938248204348e-01 6.980236938248203238e-01 -1.129731067960575014e-01 1.129731067960575708e-01
2.105634211243327431e-14 1.573139734580407492e+02 9.482933449134017678e+01 6.881487758980239233e-01 6.881487758980238123e-01 -1.626384401980398575e-01 1.626384401980399408e-01
1.993508627473149714e-14 1.656569862775974968e+02 8.977964711847945978e+01 6.727154354245730161e-01 6.727154354245729051e-01 -2.178392594128229220e-01 2.178392594128229220e-01
1.849070417715832553e-14 1.732275252291189247e+02 8.327472844206830871e+01 6.525194848995395924e-01 6.525194848995394814e-01 -2.724303981321462009e-01 2.724303981321462564e-01
1.668247417100660143e-14 1.801095892168499120e+02 7.513118446016325436e+01 6.301489216174970265e-01 6.301489216174969155e-01 -3.207995270948909572e-01 3.207995270948910127e-01
1.446964268378627211e-14 1.863876655142969696e+02 6.516547739888407875e+01 6.085233210015513761e-01 6.085233210015512650e-01 -3.601379843854894403e-01 3.601379843854894958e-01
1.181145614300730062e-14 1.921462413949666370e+02 5.319406948435063498e+01 5.895673094011388837e-01 5.895673094011387727e-01 -3.903977301233985675e-01 3.903977301233985675e-01
8.667160976179629495e-15 1.974698041323654536e+02 3.903342294268268375e+01 5.739835253408300808e-01 5.739835253408299698e-01 -4.129684160287717676e-01 4.129684160287718231e-01
4.996003610813204432e-15 2.024428409999999872e+02 2.250000000000000000e+01 5.616791399099615445e-01 5.616791399099614335e-01 -4.295538892735182857e-01 4.295538892735183412e-01
